1 2 4 7 8 9 10 11 12 14 16 17 18 20 21 22 24 25 26 27 28 29 32 34 36 38 39 40 41 42 43 44 46 47 48 50 52 54 56 57 58 59 60 61 62 63 65 66 67 68 71 72 75 76 77 78 79 80 82 84 85 86 87 90 92 94 95 98 100 101 102 104 105 106 110 111 112 113 114 116 118 119 120 121 122 126 127 128 129 130 131 133 136 137 139 140 141 142 143 147 148 149 150 151 152 153 154 155 156 157 158 159 162 163 165 167 168 169 170 172 174 177 178 179 184 185 186 187 188 189 190 191 192 193 194 195 197 198 199 200 201 202 203 204 205 206 207 208 211 212 213 215 216 217 218 220 221 222 224 225 226 227 229 230 231 232 233 235 236 237 238 239 240 241 244 245 246 247 248 249 250 251 252 253 256 258 259 260 261 262 263 264 267 268 269 270 272 274 276 277 278 279 281 282 283 284 285 287 289 290 291 292 296 297 299 300 301 303 304 307 308 310 312 317 318 319 321 324 325 327 329 332 334 335 336 338 339 341 342 343 344 346 347 348 349 350 352 354 356 357 358 359 361 363 364 365 366 367 368 369 370 371 373 374 375 376 378 379 381 382 383 384 388 389 390 391 393 394 395 396 397 400 401 402 403 405 407 408 410 411 413 414 415 419 420 422 423 424 426 427 428 429 431 432 433 434 437 440 441 442 443 444 445 447 448 449 451 453 454 455 456 457 458 460 461 463 464 467 469 470 471 472 475 476 477 479 481 484 485 486 487 488 489 492 493 494 495 500 501 503 504 505 507 508 509 510 511 512 513 514 515 516 517 518 519 520 521 522 523 524 525 526 527 529 530 532 534 535 536 537 538 541 543 545 546 547 548 549 550 551 553 554 555 556 558 559 560 561 562 563 564 565 567 568 570 571 573 574 578 579 580 583 584 586 591 593 594 596 597 598 600 601 602 603 604 605 606 607 609 611 613 614 615 616 619 621 622 623 626 629 631 632 633 634 635 636 637 638 639 640 641 642 643 644 645 647 649 651 652 653 654 655 657 658 659 661 662 663 665 666 668 670 671 672 673 674 675 676 678 680 681 682 683 684 687 690 691 692 697 698 700 704 707 708 710 711 712 713 715 716 717 718 719 721 722 723 724 725 727 728 732 734 735 737 738 740 741 742 745 746 747 748 749 751 753 754 755 756 757 758 759 761 762 763 764 766 767 768 770 771 772 773 774 775 776 777 778 779 781 783 784 785 787 790 792 793 797 798 799 801 804 805 806 809 810 811 813 814 816 817 818 820 821 822 824 825 827 828 829 830 831 834 835 836 837 839 840 842 843 846 847 848 852 855 856 857 858 861 863 866 868 871 872 874 875 876 877 878 879 880 884 885 887 888 889 891 892 893 894 895 897 899 901 902 903 904 905 907 908 909 911 912 913 915 916 917 918 919 921 922 923 924 926 927 928 933 935 936 937 938 941 942 943 944 945 946 948 949 950 951 952 953 954 955 956 957 958 961 963 964 965 966 968 969 971 972 974 977 979 980 982 983 984 985 986 987 989 991 992 993 994 995 998 999 1000
769+478->405+655+681+503+447
782+707+713->370+459+687+304+47
577+794->309+189+115+995+651
269+566+588+951->995+251+365+108+493
854+888+452->999+443+407+359+298
294+814+428->645+979+12+628+247
247+689+166+277->765+423+612+770+180
910+239+595->334+793+900+3+692
95+892+385+497->8+467+639+348+24
572->123+458+851+497+748
31+625+763+578->917+809+428+431+412
305->372+106+146+593+572
112+589+310->434+206+485+126+781
625+532+670->145+918+78+335+931
59+844+324+377->202+933+847+396+669
997+504+598->974+616+907+261+180
412->56+206+156+430+850
490+914->908+513+388+339+296
119+875+3->36+575+703+802+528
342+976+863->615+732+761+794+294
380+818+339->974+833+812+785+110
480+562+789->995+717+617+629+632
826+703->179+995+820+913+190
466->636+848+8+857+298
372+786->23+373+416+177+215
947+934->28+331+172+37+174
634+29+286->796+202+582+775+439
837+429+138->556+225+243+119+616
406+389+624->806+683+874+478+365
273+443+889->267+58+381+380+319
494+965+850->61+567+577+400+475
976+38+427+883->564+586+451+32+373
436+271+665->713+882+753+881+897
683+485+482->153+339+116+292+424
902+234+701+712->832+234+290+206+977
83+860->100+548+144+541+708
266+181->957+791+832+66+872
355+123->671+557+372+7+691
570+714+404->278+326+56+53+240
811+693+173->510+779+261+277+328
541+739+221->726+847+547+863+297
845+635+464->351+494+921+460+942
399+633+762->541+348+575+712+764
1+803+764+19->598+498+171+890+982
324+646+340+966->187+228+365+829+264
886+777->5+239+369+776+339
50+362->32+742+98+168+138
428+42+849->244+100+991+124+376
597+63+648+55->364+818+965+950+996
392+529->818+205+856+560+848
366+746+117->126+939+718+725+125
271+147->75+91+100+576+62
569+812->7+30+116+109+64
714->120+762+805+26+942
302->322+923+43+988+533
176->569+19+734+407+198
461+160->954+591+441+704+911
970+469+450->912+883+605+444+306
340+195+465->42+299+861+350+970
910+505+183+956->272+616+859+352+530
752+831+390->429+172+589+538+268
406+674+112+409->441+12+80+338+372
144+696->516+667+447+312+301
763+981+878->590+34+288+704+716
922+703+99+924->725+667+188+54+365
660+848+514->920+512+349+545+982
231+275+336->590+581+964+356+365
333->683+242+981+457+87
531+586+209+112->678+811+310+42+483
869+370+178->103+561+54+951+958
881+808->325+271+501+993+553
896->972+993+276+466+76
273+373+469->275+76+574+897+205
483+96->679+473+588+811+47
337->962+552+20+313+409
345->840+959+636+88+355
186+760+961->563+48+863+233+622
909+886+13->607+802+567+799+16
729+505->843+351+415+619+9
242+843->956+782+489+44+648
664->843+8+576+816+567
542->455+357+285+286+805
25+76+533->141+858+968+565+366
618+81->641+294+526+60+892
208+918+37->213+138+670+337+781
384+416->224+569+680+15+728
271+815->381+276+718+892+169
731+890->78+406+139+394+441
433+70->822+607+273+771+466
831+350+743->712+242+58+174+52
763+293+673->14+79+404+458+570
934+438->158+228+640+875+387
364+53->36+174+965+919+468
417+667->905+790+129+856+287
484+850+959->73+927+917+831+156
664+803->445+954+428+874+826
809+601+298->591+733+320+207+966
972+864+148+243->763+769+135+848+316
714->177+266+559+130+411
743+987+768+210->809+483+230+213+366