1 516 5 517 7 8 521 6 11 523 14 526 528 19 21 22 23 536 24 535 27 28 29 34 548 40 552 558 564 52 566 570 571 59 573 62 575 64 580 69 74 587 76 590 79 81 593 83 598 600 602 603 91 93 96 614 104 105 617 114 626 116 629 630 631 118 627 635 125 127 639 645 646 135 647 136 139 143 146 659 151 664 665 154 663 668 669 670 671 155 673 675 678 167 172 174 175 688 176 178 690 689 181 182 183 184 697 187 188 703 191 705 704 196 712 201 200 717 206 210 213 215 217 731 735 226 740 228 742 231 232 745 743 230 234 749 240 754 757 246 758 249 761 763 252 255 767 768 258 259 771 261 263 265 778 777 780 268 781 271 784 789 280 793 794 283 795 799 287 801 802 291 289 293 294 296 809 297 300 301 302 303 821 823 312 825 314 824 316 319 320 832 836 327 328 842 330 845 334 336 849 850 340 342 854 346 862 863 350 864 354 355 868 357 356 359 865 353 362 875 363 877 878 872 368 374 887 888 895 385 897 387 903 905 393 396 399 400 401 914 916 408 415 929 930 418 931 420 423 936 424 430 943 432 947 948 949 950 951 952 439 954 445 959 447 450 451 966 456 968 459 460 973 974 975 464 978 467 980 981 984 474 986 475 478 990 480 992 994 993 484 481 998 483 496 506
895+385+289->181
211->469+293+390+494+846
770+951+301->874+813+185+807+183
512+948+641+320->452+567+795+161+797
237->876+333+495+355+135
165+585->556+396+416+108+611
528+53+317->700+676+903+336+80
123+134->603+770+626+537+528
717+955+196+808->408+932+792+27+754
228+510+182+514->260+818+632+565+62
379+128->890+336+452+663+650
728->179+36+564+805+301
219+668+926->408+694+830+717+834
778+903+320->899+773+42
905+641+651->880+315+157+932+92
791+604->951+741+600+832+680
728+942+271->415+992+695+950+200
809+603+319+79->739+147+979+262+236
631+823+464+178->760+583+37
5+192+40->567+666+357+725+924
360+442+127+178->513+525+770+314+705
895+30+425+362->675+287+102+686+8
355+580+743+314->538+321+789+263+855
392+894->379+755+290+688+649
782->162+596+370+707+745
800+467+116+907->938+255+681+116+137
732->400+409+308+740+787
392+252+387+837->827+1000+66+338+185
376+450+48->295+672+572+238+118
719+44+350->608+357+317+487+333
374+56+852->950+629+622+910+713
760+674->874+207+549+810+716
258+120+112->483+784+675+983+936
131+913+745+11->837+404+206+893+194
618->328+71+778+248+333
45+994+120+91->546+502+630+973+565
876+981+702->101+394+285+436+730
326+95+929->840+865+190+406+470
155+907->165+954+974+415+498
933->760+881+320+679+413
204+688->526+962+306+54+190
53+261->85+700+455+649+869
334+211+191->470+986+571+694+488
287+982->683+373+669+434+309
463+825->829+484+588+521+91
211+950+703+427->43+578+176+894+988
981+310+34->483+336+29+613+115
845+635+664+558+506->93
426->690+153+486+504+869
340+897+727+800->910+568+342+35+533
976+899->574+951+135+680+748
423+277->454+829+932+258+78
190->539+771+696+548+373
415+482+831->733+858+567+639+708
60+34+344->820+63+865+723+893
372+174->778+828+472+493+462
908+5+175->46+406+693+881+856
358+218+759+777->119+236+917+583+719
125+690+244->538+753+931+326+246
815->409+614+171+966+236
93+730->406+644+310+781+141
495+627->839+643+665+802+240
565+506+509->300+306+634+240+841
503+432+404->1000+562+996+167+831
784+896->571+293+105+117+365
867+978->534+239+127+515+258
884->778+464+499+202+446
22+437+993->122+938+641+356+189
761+637->321+927+713+776+948
714+743->357+340+415+686+583
576+569->953+863+674+505+691
231+226+301+232+330->303+719+396+985
904+262+295->31+549+516+182+648
471+272->649+595+400+792+214
345+225->732+774+808+80+564
159+257+176+432->545+356+412+357+118
805+484+196->755+376+895+331+324
671+878+936->693+218+724+561+319
483->981+928+678+256+539
432+16->193+197+6+689+198
446+855->780+393+27+449+751
879+336+95->560+704+847+550+137
836+816+946->938+664+984+60+105
125+60+878->686+970+237+878+841
466->245+230+696+106+580
613+753->541+689+967+624+592
371+681->56+977+578+604+939
28+529+871->872+868+496+642+332
281+77->419+398+616+316+931
971->566+645+167+423+747
756+304->265+330+282+336+200
510+357+539->431+79+38+714+25
824+900->326+832+426+792+161
664+387+950->583+328+205
907+729->468+117+991+58+358
258+830->172+408+937+375+346
917+489+523+11->759+316+856+805+767
475+374+102->47+945+652+880+814
182+144+553->32+198+534+24+246
88+150+81->234+554+550+714+803