514 517 902 133 137 394 266 652 139 784 145 661 406 280 154 542 926 547 295 296 178 306 434 693 436 180 57 698 577 834 964 581 70 583 840 712 968 211 854 344 91 988 734 95 863 223 230 623 880 884 244 117 375 249 762 764
967+527+902+737+542+317+74+340+863+241+702+295+233->80+838+439+702+736+433+412+243+830+180+387+185+525+305+588+886+48+608+515+118+723+56+985+638+224+974+908+499+129+718+913+99+452+351
966+87+368+321+117+398+237+719+694+351+637+182+109+381+547+614+353+251+734+282+516+578+947+50->780+427+947+55+787+466+846+145+824+969+456+732+230+223+169+562+163+744+835+757+237+596+754+133+407+736+788+264+882+891+249+769+622+975+298+831+172+655+420+527+690+670+915+965+648+18+266+187+660+586
341+295+117+581+517+508+840+342+507+139+712+57+926+816+249+133+95+467->20+341+454+173+643+440+890+857+398+878+188+467+317+210+78+737+936+619+958+953+611+285+527+223+888+966+902+818+919+529+111+120+442+287+9+481+145+194+486+81+967
353+38+419+204+155+554+843+693+375+913+967+317+888+893+895+966+936+483+467+210+675+318+244+11+577+801+34+517+691+737+431+117+109+880+818+727+434+834+712+643->956+508+773+913+222+758+355+233+174+454+478+86+74+716+903+362+365+241+872+621+768+354+871+684+672+439+57+868+448+40+666+101+442+986+488+828+657+912+931+494+680+759
843+150+643+738+266+249+727+592+619+248+230+878+600+287+527+698+575+139+507+50+714+926+354+93+9+508+979+163+517+964+988+583+78+194+137+368+880+479+801->422+215+183+856+580+972+671+155+691+248+528+518+554+318+637+143+813+822+895+983+268+151+776+769+291+617+80+709+527
223+966+581+91+340+863+643+378+117+287+78+762+517+495+9+12+295+81+507+368+150+296+57+514+734+527+542+317+19+173+109+483+283+161+238+479+888+714->575+613+725+702+601+810
406+223+163+712+861+652+902+249+375+344+968+70+394+434+436+854+784+698+661+884+926+91+734+547+863+762+266+583+542+988+248+517+133+581+764+964+295+834+211+617+178+137+840+95+514+57+109+577+139+9->898+109+19+979+479+283+514+86+340+368+194+825+467+508+431+285+378+341+446+596+843+354+600+434+419+50+681+802+714+342+204+539+738+605+816+824+23+161+507+893+2+93+609
890+57+120+91->727+38+376+12+715+801+706+398+238+230+584+78+11+592+61+675+353+859+317+901+444+913+94+805+495+150+442+34+483
19+483+266+436+507+94+375+738+712+230+446+283+605+979+427+95+50+317+698+354+244+81+857->976
712+117+542+547+306+230+880+434->652+109+248+9+861+427+163+617